-1.7764387680787872,0.6430899832152123,-0.9200748311072662
-1.5191252027638842,0.8625517718079084,0.7419505959662007
-0.08949916653524927,0.9299345408276497,1.9235265284117633
-0.24983177618722932,0.688350972867504,1.8796570080817383
-10.060744833042959,-20.79390404652655,4.918439778344834
-2.257860410792567,-0.357644594975706,-1.7421685988936393
0.33490087157914417,0.22210623204490318,0.5294183947215584
-0.43142025616970725,0.39908012857004665,0.09560937129312694
-0.03367537752600331,0.4813722151430961,2.470556674997537
0.22199202200376034,0.39786123613707713,1.247356848297863
0.21300781570572935,0.36000467337363234,1.1020488212439592
0.38047965143452966,1.6791467545269374,4.788664135429493
0.5704571899867467,-0.2598956692257333,-0.3392781919879478
0.6434733825675427,-0.2549192344898044,-0.5427231657749008
-1.0716701179735402,0.7791534636546208,0.7939862188337939
-0.11327810974800774,0.35273876111854074,2.8293481002027794
-1.0170247928274756,0.4711876285222846,1.010197636159716
1.170510480270024,0.05561124388605411,0.8048988712997869
-9.389594508661919,3.35392464041383,-4.6750045976136425
0.24299052432534918,0.25817799717691786,0.8465369263628103
0.7700894656824995,-0.3805667130998937,-1.2223052873918614
-1.5784757864359056,-0.35292951152960605,-1.1536770337418905
0.7732800771198115,-0.09290029575057318,0.16335153991903142
0.6575386181851974,0.7333138774318294,2.608542314305367
0.8056296283158418,-0.2870029151780753,-0.9632893603956516
-4.703540155762625,-0.549815193187721,-7.035946161971097
-0.08812161503909345,0.9297366368764636,1.923899723960842
-1.087121854990732,0.6968274485396563,0.052576551142854915
0.6062794668341969,-0.37329126658672024,-1.2437172063439559
0.8962325919486065,-0.3688083563167149,-0.8809654537553666
-4.6796522782224415,-0.5102144282959241,-7.03310673161266
0.2207396817684172,0.08730232900666854,0.16495791698823178
0.9447332381474506,-0.38091873960148986,-1.2362461948610555
0.6415086959754782,-0.20522975354063044,-0.8108348554902286
0.890002899717611,-0.0877554178747279,0.14342362524769567
0.16308420913439003,0.20862377312021682,2.698246312911537
1.041741654571604,-0.4160737448246546,-0.8602267058453082
0.754867779794372,-0.21685739217622332,-0.9173042662079127
0.8047795679872757,-0.27478105726426866,-0.9924656356863681
-2.4958619779892652,0.5736421505250268,0.18784784175667169
-0.21701652613506145,-0.09371059219691932,-0.24680846147975213
0.09388175452067919,0.1276553135498608,0.5062021394869668
0.8307865988558981,-0.44167445471936334,-1.444070555834615
0.9181438317758285,-0.2071195169079505,-0.7147768516155185
0.5751447820668217,-0.26514843306590236,-0.34908842567114506
0.7060669970412347,-0.1568689883170966,-0.4253182160657143
0.9272695713955604,-0.1359316056756426,0.24090206246014276
-0.776665637191606,0.48408809322510743,-0.24619369544238526
0.6987596882990752,-0.4125908309408382,-1.3899887120950394
1.0929288519814946,0.9445463435067688,4.409390892502573
0.19608581001549621,0.440683220072561,1.5597266384115822
-0.6357927674068939,0.6271387466675523,0.6083726372639964
0.7143696891360776,-0.4205179087402858,-1.4279113751436694
0.7993943497467985,-0.25710052733170535,-0.9744445378146875
0.6689983101132312,-0.023747609469347595,0.28118710010464343
0.7406315251994057,-0.028999429105174616,0.40565789084589154
0.8481373913355731,-0.04569511840000604,0.611828574541875
0.6274636162654188,0.46976875367878307,2.8637682872050356
0.9234420416259843,-0.14144081621764917,-0.6068888517621568
-2.8465029457865336,1.472918121282948,0.12980744383672413
0.9564515904615984,-0.2849072245305333,-0.7047295943289076
-0.749766325694372,0.7789982668299379,0.8543526851922011
0.863775593500122,-0.3802069241634281,-1.227309023230724
0.9197856477612473,-0.12700115256326128,-0.5644415593497875
1.1492961149316947,0.2488472661172963,1.7793537316370662
-1.4153865700518553,-0.034038664966989984,-0.8924489132301987
0.6212818030129124,-0.05701901641154911,0.0932295725669231
0.9879778678554471,-0.40118189815700606,1.1355800361370068
0.5292368113185046,-0.20943171383633405,-0.7316119203109351
0.15565006602819725,0.34733749548086706,0.566594156566469
0.546914953871084,0.12640644325426226,0.5946852644864525
0.3840252866322651,0.2117758515540273,1.1876433947251965
-0.8981945800916477,0.6475654513752508,0.6623203527164081
0.9202538112348414,-0.12092704913613728,-0.5423863405896405
-0.0927717988003506,0.30849820498157327,2.0096007484218315
0.561925602043305,0.017710332450304806,0.4508556867239558
0.7525479642666091,-0.4335123030195886,-1.4712176544994762
-0.15950059720089346,0.2758979101838805,0.3351661326490954
0.9231350929093326,-0.1394658414802975,-0.6006788353592566
0.6546077521999442,0.21105330145943568,0.5585641253275506
1.2399747407615322,0.04563481913778816,1.5389445537850945
-2.306850291720313,-0.3483167088572881,-1.1296732534243925
-3.3216739577094825,0.3234915052977524,0.0665796830241929
-2.7198687313634595,0.08925583818386443,-1.6142501815990966
0.9774625348446432,-0.22514307429829974,-0.298425863101829
0.5325456882089614,-0.06230329605771618,1.1390757204643855
0.5114600611635564,0.152489993344619,0.7698270031641117
0.7315102181912483,-0.07591320087333,0.07165839880262098
0.9223011856964428,-0.13410030127958478,-0.5838076865659677
0.253115377509414,0.24524637112871406,0.5190496801588056
0.5498893296107004,-0.22175293759828543,-0.5115194584581867
-2.45787206612437,0.6095873651436302,-0.6304326788551102
0.8194718132996133,-0.3909016871207483,-1.2478168395038483
-1.380891867132518,0.5859589906746151,0.42680837141763783
0.9226642290456106,-0.1364362010708948,-0.5911525785006454
1.7727879936278779,-0.13534472289141788,1.05107642258407
0.8129342739259973,-0.275003292428973,-1.0006449248750913
0.7427593241452619,-0.3871938147207395,-1.2542369776653017
-0.06021128181298836,0.38081667946829784,0.8565131911942743
-0.6981989921212098,0.7261771232561277,0.8244615987931806
-0.0983930831839251,0.9312122725503521,1.9211170576105454
0.9223875400764207,-0.1346559241236095,-0.585554760546188
0.9233298139707642,-0.14071871909891953,-0.6046183240095784
-3.15608510962515,0.2148382958501936,1.05698112322063
-15.656893968197133,9.106823921747855,3.067003946738242
0.9240838590311905,-0.34838766208386324,-0.39822579608118425
0.920394043466178,-0.1218293337824885,-0.5452234414132389
0.9256324651735662,-0.3517503666075656,-0.3721849530177655
1.0293840031979506,-0.3196661177768466,-0.7308728111100214
0.268417196236857,0.13429258353123688,1.4155437243374231
0.39043837696702954,1.5532706248012325,6.045616934984649
0.9079226433574262,-0.3577982158505146,-0.4056777158707087
0.9223724723050581,-0.13455897480870832,-0.5852499177426828
-2.8633043817106905,-0.12129872770462584,-0.5218974466932823
0.9240769341476576,-0.13988902628874733,-0.6003149132032565
-6.225352028303138,1.6494676405185817,-0.6860876592389614
0.9217315296070326,-0.13043501022433648,-0.5722827201225906
0.9222739216688611,-0.13392487860214303,-0.5832560958626787
0.9176673000610126,-0.11020937911206377,-0.5106136481190167
0.6209976841940652,-0.3822408089344885,-1.2417187115232766
-1.6048569183895576,0.43943820588699467,0.7054918880982283
0.7575878600897666,-0.43668831616017995,-1.4842360581678207
0.7315820758239352,-0.34764113149443726,-1.0932582963474533
1.169188788270014,-0.5920532994347386,-2.046597407381071
-0.3246091565806115,0.3115948571666955,0.1177432824105949
0.9214414439742539,-0.12856853623266798,-0.5664138682914069
0.5106707971442279,0.31217165936250296,1.2087222755912923
0.682117066515011,0.060990645565384666,0.5494440075890203
-0.32173698033901865,0.44413926689251,0.7595431555340502
0.8137869655455441,-0.23957930244749373,-0.6672805009679172
0.31189912326791513,0.1654433496514108,0.449028418738168
0.8496693507552942,-0.12991537415540536,-0.5501586371537274
0.7564358505908084,-0.37870759301950535,-1.1954651958840345
0.09978082363579384,0.2574387707216266,0.5410208470672151
0.6421849250371237,-0.3757697634391261,-1.249113646498843
0.9200488905716971,-0.11960854506390667,-0.5382404992474762
0.6451753730910562,-0.38884685445326567,-1.3000827896707983
1.15475387944187,-0.620091837339848,-2.1686193167388486
0.5121735167570672,0.7807032362716156,3.4597182534073325
0.7145528401093566,-0.07040531470495145,0.0042885463144379425
0.7679182005503844,-0.4495680629605698,-1.5414496134927087
0.8057588247217159,-0.13508340211326153,-0.11953403594984088
0.8421143712656616,-0.3796918947730313,-1.19661952442324
0.20866640176096213,0.2634199304988833,0.8473775749122706
0.8590693403006558,-0.077475571450802,-0.3152825842058032
0.870947330988234,-0.4258221875633558,-1.3814585885202921
0.36146858608159455,0.11506499023326776,0.5183683978427754
0.7664626897364123,-0.20635824498562116,-0.6091716407400811
0.7254630145493027,-0.2607920300152264,-1.2895345395508808
0.583240104252432,0.6180780067376307,2.624408236757685
0.789030799834461,-0.44476441680814033,-1.4986437671467725
-0.9171304791996254,0.5511581050023403,0.3336705628055456
0.9308360071184619,-0.15499613757354203,0.734650621276043
0.38668200353517623,1.674582277380201,4.784402575152097
-0.0907889190564768,0.9301198312655866,1.9231771186788582
0.787292273736482,-0.22509051873872685,-0.15317025628009914
0.258359269157003,-0.012621261575290683,0.02150379994905824
0.3347691918853123,0.4298012383531887,1.0814025396368563
0.8002097819898164,0.08757511394554729,0.23431667830599404
0.7889599371220365,-0.3777042371863863,-1.210426935237766
0.5968704711630727,-0.37704940805483594,-0.6078926407683882
0.5968704711630727,-0.37704940805483594,-0.6078926407683882
0.7850560795448728,-0.23128449702416712,-0.22434217487685945
0.7105258856562904,-0.41284142838329757,-1.3874907726416728
0.42879927172966825,0.4801782336814659,1.0575435115270246
0.7821310900432279,-0.2405582643638511,-0.9270982016598214
0.7513367557328444,-0.3942056624492401,-1.2817418231763549
0.7154574967803602,-0.4165777278415403,-1.4052277254780958
0.7036671554742748,-0.12109551437052846,-0.31652918800529284
0.5741129929700635,-0.2639922436267297,-0.34692908842975034
0.7175240218078502,-0.015181196789592092,0.40440106177956253
0.8226553167107363,-0.18199606870041934,-0.326362298297467
0.8748592881191489,-0.4950637925306186,-1.7157175652763887
0.4205196188542518,-0.0260269816799017,-0.21795692684741866
0.299841080511669,-0.026332190074762094,-0.0245773639276812
0.801818778226182,-0.28742606947290006,-0.9398888034629832
0.7302326420326658,-0.4290466986073122,-1.4605199782211686