-1.3484167532470428
-1.46964693478087
-0.6321346064114681
-1.2487686737247885
1.0277296002849774
-0.4769754355775736
-1.47107296823355
0.8666815693584824
-0.0315964698979424
-2.294983645735099
-2.294983645735099
-0.08569812137434418
1.3798851794874123
-1.6662612469934173
-0.4428192840533014
0.13871834110112885
-0.9132128780258421
-0.468035882842397
2.052462837821927
0.22179525391900468
-1.537777790881786
-1.1046699851444024
-1.6223209953278492
-0.35039439293820185
-0.30948954066917933
1.0138448218359075
-0.6321346064114681
-3.7020788158963316
-0.8734652266392608
0.12455038941830843
1.0138448218359075
-1.0943671934171673
-0.7952589497319116
-0.64676064264939
-1.5382991129680894
0.0442741159643788
0.09230243077320587
0.20126954669646524
0.2574717579946514
0.009861672704566393
-2.1022146479220702
-3.125619221336027
-1.7033492276664672
-0.6431397329901246
1.3798851794874123
-0.7529376223833611
-2.9232384868498835
-1.7035333606565968
-0.8674484677088623
-3.444882754329795
-1.9170199449482834
-1.0026844417413903
-1.046833124109642
0.20126954669646524
-2.070568947902704
1.002763277598775
-2.218622353035151
-0.6055543284306026
10.098711964948619
-3.459894243862568
-0.3318455261965714
0.011889454310789888
-1.1460039716977617
-0.5274413780856217
-3.550942414066986
-3.020937131454923
-1.735998687747407
-2.0705372936929187
-4.359918810491082
0.18910628971227345
-2.374739177485095
-2.28366502071987
-1.6599509091250202
10.098711964948619
0.029410895227515055
0.7146256199829683
-1.1854869352749449
-1.0216519666229824
10.098711964948619
0.5284893125849774
-0.9923772113527626
-0.10663604227058504
-3.291508971501589
-1.2975699557767473
-0.40007575838884313
-0.7734187032935624
-1.0184225736488945
-2.4311946559402506
10.098711964948619
-3.553144949404497
-0.7129196704153178
2.5849727609118727
-1.0303641887437989
-1.8513948493962995
10.098711964948619
-0.3643335597263137
0.2574717579946514
-1.5596868947584892
0.10839718229280998
-1.6497300253711238
-0.6321346064114681
10.098711964948619
10.098711964948619
1.945427554020161
-1.0487365338212207
-1.0336955781640733
10.098711964948619
-1.0336955781640733
-1.1279096256400107
0.15019841669338807
1.547209868853134
-1.0336955781640733
10.098711964948619
-1.4845736019327327
-0.5274413780856217
0.2613651556884703
10.098711964948619
10.098711964948619
-0.5274413780856217
-1.2971898678254021
0.36616493205274425
-1.1854869352749449
-0.48392645048663424
-0.8454949711327036
0.30591253820801945
10.098711964948619
0.9473838363380654
-1.2501639625883496
0.03101969693581008
-0.7733950117017336
0.12526033800271097
-1.0434125891178894
-0.24173839340146328
-4.246517981040892
-0.8362274049356111
10.098711964948619
-0.8027102489115256
-1.217186007651104
0.1434483428102271
-2.121723186057456
-0.5684741337863976
-1.583074897483017
-1.2197550711248732
0.22179525391900468
-1.2331363276771161
-0.942197251540261
-0.7459668542680218
-2.1407804847821064
-0.8638200038208077
-2.06284446048689
-0.4610101586659525
-0.13771311459406327
-3.169526625020686
-0.08569812137434418
-0.6321346064114681
1.387686789993578
-1.4573237544571251
-1.120815463806779
-0.8272925570223222
-1.3246626372128403
0.9892328169043145
0.9892328169043145
1.387686789993578
-0.4634461949031286
-1.2884181561975607
-0.9687462415313898
-0.630095063847766
-0.6718897677507485
-0.6149318114891061
1.3798851794874123
1.002763277598775
-0.3470945307182861
-0.8217008593178955
-0.6193873936573234
-0.9811144346691021
-1.8314810304357168
-0.36781195025339475