 0.073096946 0.05071957 0.06756506 0.0076163993 0.06354475 -0.03403712 -0.009519538 0.05769121 -0.07520006 -0.03931174
 -0.086196154 0.03667054 0.051895253 0.057411157 0.074687324 -0.061668962 0.011032339 0.06048038 -0.028398773 -0.06172514
 0.016259069 0.0019297745 0.03468857 0.002151512 0.096202545 0.050611865 -0.08923372 -0.070368 0.009046082 0.063990876
 -0.008565569 0.02826563 0.054014288 0.07052656 -0.057031214 0.018588196 0.060888637 -0.04798051 -0.031072605 0.067976296
 0.07380412 -0.015326412 -0.04537059 0.06553238 -0.04858643 -0.018149642 0.028742878 0.009919798 -0.082846396 -0.094475634
 0.054546077 0.08347694 -0.014545062 -0.092091076 0.043731414 0.005722612 0.07439057 -0.008124986 -0.026380071 -0.08750235
 -0.0053817644 0.0023943137 0.051020972 0.09008672 -0.09298259 -0.071170576 0.06456978 0.08972122 -0.05016381 -0.0375943
 -0.0053817644 0.0023943137 0.051020972 0.09008672 -0.09298259 -0.071170576 0.06456978 0.08972122 -0.05016381 -0.0375943
 -0.0053817644 0.0023943137 0.051020972 0.09008672 -0.09298259 -0.071170576 0.06456978 0.08972122 -0.05016381 -0.0375943
 -0.0053817644 0.0023943137 0.051020972 0.09008672 -0.09298259 -0.071170576 0.06456978 0.08972122 -0.05016381 -0.0375943
 -0.0053817644 0.0023943137 0.051020972 0.09008672 -0.09298259 -0.071170576 0.06456978 0.08972122 -0.05016381 -0.0375943
 -0.0053817644 0.0023943137 0.051020972 0.09008672 -0.09298259 -0.071170576 0.06456978 0.08972122 -0.05016381 -0.0375943
 -0.0053817644 0.0023943137 0.051020972 0.09008672 -0.09298259 -0.071170576 0.06456978 0.08972122 -0.05016381 -0.0375943
 0.07380412 -0.015326412 -0.04537059 0.06553238 -0.04858643 -0.018149642 0.028742878 0.009919798 -0.082846396 -0.094475634
 -0.015776526 0.0032137155 -0.041406296 -0.076826885 -0.015080082 0.024697948 -0.00888027 0.055336617 -0.02742977 0.02260065
 -0.0053817644 0.0023943137 0.051020972 0.09008672 -0.09298259 -0.071170576 0.06456978 0.08972122 -0.05016381 -0.0375943
 -0.0816144 0.044989962 -0.04139387 0.008226908 0.08503228 -0.044610895 0.045108274 -0.06784746 -0.035468448 0.09405198
 -0.096083425 0.050121818 -0.087628216 -0.043947473 -0.00028527444 -0.0029448057 -0.076702684 0.09617552 0.04984233 0.092420466
 -0.0053817644 0.0023943137 0.051020972 0.09008672 -0.09298259 -0.071170576 0.06456978 0.08972122 -0.05016381 -0.0375943
 -0.07513336 -0.009280942 0.09537226 -0.07319553 -0.023309225 -0.019380832 0.08076144 -0.05931077 0.0004475464 -0.047508165
 0.073096946 0.05071957 0.06756506 0.0076163993 0.06354475 -0.03403712 -0.009519538 0.05769121 -0.07520006 -0.03931174
 -0.0053817644 0.0023943137 0.051020972 0.09008672 -0.09298259 -0.071170576 0.06456978 0.08972122 -0.05016381 -0.0375943
