-2.657560660565359
1.0652249679329266
1.4579831185025647
0.8476362691104979
-1.009846274632551
-0.4141917521833444
-3.4701892898645594
0.3600862506371827
0.8750312436677583
0.6417674588044789
-0.5691149455176193
0.8950442874562683
-0.8930364763198801
0.509799205821061
0.822004110828127
0.7531510664269528
3.0270846278956363
-1.7197629878824703
-4.862048467355511
3.793288879655294
-0.46561973951677993
2.6904651048110537
0.07258296850137091
-0.4828479445658751
0.020878823500998317
1.9709536776957473
1.9763374292647626
0.5745949621500748
-1.7832979840123482
0.41589321516452293
-0.7165735376047857
0.977774992494731
1.0974368663402854
0.20096173956446248
0.24681845585747686
-3.0464621535168948
-0.5015116265314755
0.8881689748537094
0.13982438530250824
-0.6512562513231319
0.6210646806944193
-2.0783181970080427
-0.058673108309451404
2.039035037395142
1.588891499212981
-0.317038879295119
0.22566367475056948
-1.3394709420024555
-0.05187459371711367
1.1657433574446352
0.28566020071698844
1.3689094640543604
0.8672129770526749
0.05561000543444439
1.6841254643396404
-1.8163028067263047
0.541226886346488
-1.76701784167725
0.8432315608860699
-0.3979719155127109
-0.3608881194616299
0.6073674593816436
-0.34833013834342896
3.1761864675261133
1.4364268906687003
-0.5691149455176193
0.06207646861671142
0.4049792432042216
1.2335061865324413
0.3854792367717995
6.652446219578816
2.7601238176031555
-2.1337807097236405
1.1547339264503604
0.23500600760535592
0.13500069076535964
-0.3498977934902792
-0.28242251470586394
0.23500600760535592
0.5316485611527446
1.3174887223418912
-0.42314661672195497
-1.1862737894427853
-0.34026808404305803
1.059958462867019
0.2620874721943979
-1.7071597796408515
0.40744299366528897
-1.038393775701126
0.06336181185514012
0.8496828752382016
0.4615611390670615
0.8804468396773213
0.7317263247280398
-1.7522658028412108
0.7436427795766956
-0.4935389770351547
0.6073674593816436
0.004904744763167851
-0.7343072868849831
0.03955028345425188
0.44899573213761307
0.1565744336211992
-0.22178869215097818
-15.988989565442015
0.3832596698654783
4.431847676290532
-15.988989565442015
-0.05606338661294451
-0.20699919862995617
0.20182481115277562
0.5947189858618185
0.08448953308055895
1.180387636792318
-0.016598024117956467
1.5556407273248523
-2.0783181970080427
0.7998654062895565
1.180387636792318
0.23500600760535592
-0.21411134984373195
-0.460160692543955
-0.3585194261554744
-0.03457183203868594
0.8835229099404049
0.8578445858108176
-0.32783891339439747
-0.6365922170527186
0.45316534429268246
-0.09013184350392334
-0.2869146784574428
1.180387636792318
0.30779374777534024
-0.15284759347569946
1.588891499212981
-0.20069766612703333
-0.21411134984373195
-0.9716448657862353
0.7246848033408582