1.79355845538963
-1.7828250803601777
4.934036095143072
4.934036095143072
-1.7828250803601777
2.040911680115234
0.45147980865141174
4.934036095143072
0.9315640418057226
-0.1996769543061634
-21.368541169759123
0.058600019842256816
0.46533948580257334
4.934036095143072
-0.3332967752086857
0.18447477397105064
-1.7828250803601777
4.934036095143072
0.18447477397105064
0.14897424842726145
-0.055065918476978844
1.5997202093897105
0.011618942445775141
0.26448294642298975
0.2768624127172633
0.3859454128712056
0.21088164165357567
-21.368541169759123
0.06836713759937892
0.3049582555849957
4.934036095143072
0.6611221365955386
0.028649396405833208
3.247363899136753
0.815994883789863
4.934036095143072