-0.1270109194586094
0.4675554899842687
-0.510213328144571
0.9507799306343283
0.19188496838393287
0.5512228929562615
0.1118853509213629
-0.9986222189128499
-1.2181960812296642
-0.1290096849869071
0.27966165472542887
0.9174294805240395
0.722563708416618
0.40179177303542973
0.6321955772102164
-0.41669024684277006
-0.5657250799265245
0.06174319921724138
-0.3320742036791105
1.1295818148539516
0.05437290506512968
-0.5311093402440253
0.40875673599286644
1.637090048195022
1.1895474823743362
-0.09069057917554765
-0.19399492865004506
0.21498526234993173
0.17787235178766808
0.010815193279491342
0.42311366833697356
-1.2662992215650508
0.7243347999148972
4.833775248118987
0.5207884774807565
-0.9185851524849914
0.46608064815359557
-0.5491504469759839
-0.31788859982141443
0.22078375642981907
0.4248112691689696
-0.48556803131833376
0.4577350165962503
-0.006630512274180886
-1.049308444351411
-0.1709266581212855
-0.21705110937308486
0.16471941111655072
0.15443395781748068
-0.4871861319608257
-1.2662992215650508
0.40916336948001636
-28.761107055387118
0.16471941111655072
-1.4246221638468957
-0.16368504195978328
0.06257402259152507
-0.8964999651104528
-1.6340410433171206
0.4147092003597426
-2.155753960849554
1.6234360059264927
1.457075095167856
0.5207689075859531
2.689185253893123
1.480421346081115
0.8825687344580926
0.8112511062928511
-0.3747808177086214
-1.3303772255495296
-0.8157432120410365
0.3248137244791831
-0.06426201219324522
0.34286350261685256
0.5327433506367072
0.24369836191549932
-1.3120571769828735
0.6602312417894591
0.002172569955865839
-0.9703176311205534
-0.4761087312158498
1.9821499327682768
-2.9007810677696306
0.9809343380394355
1.6642206002666595
1.6719790526413654
0.9570426561191714
-0.3400290255911388
-0.9103550561189634
-0.022950950284701597
-0.10149541016728862
-0.18409663302650212
0.2529400116534917
0.7147654816429845
-0.5658765389839286
0.6132314586321703
0.23126926012146928
2.0903644535712105
-0.1342145723394015
0.9626788862305367
-0.16906900912747178
-1.0046578214216892
-1.9621860720775042
1.0973363677925727
1.1793874702282394
-0.07062156788174805
4.086094190312475
0.2675124330782731
-0.06878429288841413
-0.23877524543286824
0.6818114844223568
0.9180723834117643
-2.858826406135998
0.39392908315283354
0.16471941111655072
4.275656754609041
1.1349392077180394
-1.35240241744861
1.090861087140999
-0.29630938308791965
1.6845231657449655
-0.416388677482159
-0.29452982693127444
-0.09780336490465824
-1.55556541379764
-0.026567964898083767
0.476210217682517
0.587090809964325
-1.9515851589587643
0.5203006327096437
-0.7042844286484197
-0.7544921850888762
0.6664658639249359
0.5608408827956859
-0.31788859982141443
-0.10911178590327016
0.022124867927132304
-2.056443455212096
-0.566058947130452
3.4494459613130535
0.7210175792485481
-0.5220136809181056
-0.416388677482159
-0.7453718753026047
-2.1748366258335543
-1.1962526999621836
1.1881289029023006
1.0209481599955816
0.39875272634603587
1.078073511828076
-0.806902699343637
-0.7529785593111402
-0.05833391955447832
0.9474262769268844
-0.16906900912747178
1.90602902237435
-2.1120577994102505
0.9006177120642951
-0.05348050470267209
-0.07580086243870972
-0.3302380498240555
1.2266320930758436
0.4430664424305422
1.109228372853101
-0.9013987820897695
-2.056443455212096
-0.15668024610408057
-0.3479835773705237
1.0036996538524712
-0.27282440634915056
-0.03211175653083052
0.29956178752845003
-1.8502784179740819
0.9907692479920254
-0.12480905711855204
-0.2280555850998215
0.6238366700591765
0.7367522470432719
0.3311926250818538
0.9170565947707454
-0.20752366222633484
0.41157200730453164
0.04305207237339933
-0.652259120294285
0.19688909980428013
-0.5511511698663746
-0.5867332821171612
-0.12592940768303315
1.64618962103171
-0.04239039661093702
-0.16906900912747178
0.565939062588406
-0.02188790165329427
0.09762931284570321
-1.4666189454594243
-0.28414402320176163
0.06848684687218039
0.031107708020378957
-0.8920715912177017
-1.6121488361754706
-0.08391335137518995
0.5011712426457353
0.8504762515467619
2.0149425002250845
-0.2089419627906005
0.31930266886525743
0.19519580348182
0.6461565140135324
1.2076537757917765
-0.6138445658961905
-0.49820919447951323
0.20485410065827406
-0.34884204742528085
0.4787684228374999
-0.09780336490465824
-0.14701135910319876
0.7919993715762721
1.7470077023278245
0.6890643938776472
-0.44885187935971416
1.5053554792749049
-1.2138580620396553
-1.154777393165613
-2.4310145949744544
0.15907083331324762
0.14519983125822358
1.2196462356019313
-1.0561544408795098
-0.16906900912747178
0.4809186068411057
0.9329102452663167
0.5715653099785047
0.1254128654088449
0.81770769006903
0.04605171879212745
-0.20528690619430842
-0.18053401931090426
-0.24330722905705673
0.3420695369928743
0.19210828214534076
0.1535522269671342
0.4536456690258079
0.7367522470432719
0.9003391251407102
0.48538488689951054
-0.36755393318021284
-0.5654270901101278
-1.2006922711822896
-0.4489788578779757
0.5813870519788139
0.7869497121180592
0.4245574532985504
0.41989323813981894
0.6120076801534255
0.907518265081722
-1.9951234428959703
1.1025396349118
-0.029820022413005288
0.624192697107034
1.4803011962896833
0.3129270687441684
-0.4042525330948092
0.0021724485465165495
-0.6008975978673878
-0.6852800407312281
0.7127198331569982
-0.9924163092101519
-28.761107055387118
-0.11931686532520501
1.0117408336671836
0.6866553951300987
-1.6542230919972802
-0.23422667211550924
-0.29630938308791965
-0.6775651240235261
0.6321955772102164
-0.29159473414012355
0.05350149442265802
-0.04761319374369825
1.7569586188366333
0.433648001700977
-0.6008975978673878
0.0942624739303189
-0.510213328144571
-0.05421757157169898
0.4180827336588998
-1.3864928961804444
-0.0012223409772532997
-0.1271984711863899
1.6534177266380183
-0.23814383292447833
0.9034539675531008
-0.07910794207128838
-1.0479716422306515
0.6121360128489419
-0.423508596914222
4.086094190312475
-0.0540083291263469
1.494412692103326
0.2764102450717936
-1.154777393165613
-0.9365094985061343
0.06257402259152507
0.6117460760850153
-1.0046578214216892
0.07877089635173624
0.33748547524874933
-0.6016503290597874
-0.7675069126791939
0.05356882729251916
0.5554746781715916
0.6430879574596048
-0.142724868920134
-0.08145465917741256
-1.6583031850804202
0.27677919636832177
-2.192987386038566
-0.1868082836450828
0.11339723290049324
-0.49711444105832
0.0800099294108597
0.721384047113687
-1.2563357234442263
-0.46390987562492614
-0.8130132811181263
0.253634046752015
-0.9842404104675002
-0.33478220353732685
1.2076537757917765
0.5870732121562239
2.8523590698651913
0.727977575092233
0.0019206133636174797
-0.2565640117344989
-1.2662992215650508
1.3865864025333632
0.36632519838091016
-0.16491557953929828
0.6889302555290442
0.2875760032378777
0.9594342087448444
0.6271944544452771
1.1895474823743362
-0.19288407312345726
1.0250266886693356
0.6314100287462054
-0.704094350665435
1.1070192759701571
0.7070904410339034
2.0137229598782027
1.3209123253036006
0.7919993715762721
-0.10535051664307164
-2.5351897040543014
-0.9430073215269785
0.5011712426457353
-0.8130132811181263
0.4317701208550103
0.1346590462185969
0.07877089635173624
0.05011415531919088
2.228704049201748
0.1104132796959582
-0.44357079606402205
0.7679954985121847
0.30118746261688956
-0.03321566308794328
-0.22404299243358003
-0.00777832778809685
0.035574096305270426
0.04217994906612801
1.2076537757917765
-1.6012803395638215
-0.49673131265232406
-0.7675069126791939
1.0529083162273345
-0.8345434705422085
-0.5043644150118299
-0.665450221904698
-0.6720768214351034
0.9477123409836481
0.3708447881850027
-1.0970634696810053
0.501929591185903
0.6460891420359582
0.4087917183229829
-1.3737039242530362
-0.251888616346869
1.8987718073439868
0.6945264335727138
0.17760229951068565
-0.6952985311412677
-0.4300860432040959
-1.162683774683754
-0.20118592669264265
-0.629398679359574
-0.7942775717823175
-1.17347206670408
0.7484970449523506
-1.9023716273586853
-0.713762002503942
0.1485959164187218
1.2315281914985827
0.8533097581841637
0.5920025259960802
0.467837519629971
1.202514713227388
0.6673283666061008
0.6889302555290442
0.8835940170703269
0.9034539675531008
0.6693873708255529
-0.26451707434912575
-0.34274130885312043
-0.36802695840955496
-1.4083452167219803
0.01771609661850362
-0.9703176311205534
1.2574188134056534
-0.2630382163082912
0.6207167082717879
0.5268421454278076
1.021467832368226
1.2076537757917765
1.1895474823743362
1.1535548802322715
-0.5867332821171612
-0.2249803897031166
1.1537537193734448
1.7470077023278245
-1.004080944885108
0.5295748458593069
-0.05348199444049188
0.2801875965984981
-0.03321566308794328
1.733884137463586
-0.1613386247361598
1.4205066867214677
2.7838919411665897
0.053424198210303524
0.03672098080847358
-0.3195290257668391
0.2136794736349322
0.6983961670008678
-0.5166210447268916
-0.29643662690661826
0.05392293140912783
-1.3182686528350667
-1.7461958118377083
1.387462194090353
1.387462194090353
-0.02820827013057126
3.3052431244621507
0.936381782982442
-0.9042908411162405
-0.510213328144571
0.40315601386952254
-0.8419524284887516
0.46476105190224354
0.8377117105378071
-0.41801579027310576
-0.23657350587311696
0.29487450871101134
0.5188185956372554
-0.9919875098254209
0.24628455396045582
0.3261328806651416
-1.8013801909641944
0.23163255210915717
0.44535911832089065
0.14432837583026645
0.7679954985121847
0.1104132796959582
0.4815307407023581
-0.15753155669036825
-0.458947162986585
0.36064476591899325
0.3739445701575141
-0.19886602003046175
-0.23588801105624477
-1.0545680093273968
-0.6159783540651528
-0.8419524284887516
-0.7527105250864183
-1.1380363525427883
1.5771162571993977
0.09594537134587693
0.9940187305183853
0.7149506354178556
0.15301151817382783
0.9477123409836481
-0.2231932749013629
0.5188185956372554
-0.08818227124489796
0.41449546764736134
-0.8082607179106314
0.3730791831855413
0.5188185956372554
0.3047349267065273
0.5188185956372554