-0.5413113975864537
-0.17498512160112906
-0.6546913701347882
1.1421961936332505
-7.701128513002097
-0.6031993712016143
-7.701128513002097
3.8651767306565086
0.0968673158896185
0.786239918953567
1.0129108812234298
2.921112651338704
-1.0741992875697253
0.0005406129612366407
0.8185103179721348
-0.5781008485900965
1.269160529437367
0.4794275472931928
0.15275371179434083
-0.0664657612997192
-0.15369278525537275
-0.0664657612997192
-0.4597887150828821
-0.5155871562494242
0.8185103179721348
0.6632609048969558
1.5031171803536139
0.10787766262502035
0.29237362401565503
1.25788106812275
-0.8841965790346485
1.5834433001401371
0.11915617406245044
1.25788106812275
-0.8841965790346485
-14.099779025379162
2.4624440455458516
0.5728860482238795
0.550218636683708
-14.099779025379162
0.11915617406245044
1.25788106812275
-0.10191502236578107
-0.5030032234647005
0.8559777552402446
0.11313309987199724
-0.8841965790346485
-0.5763269895355079
1.4239067736413904
2.4624440455458516
0.9915694203210625
0.1190574181454388
3.1903387066403885
0.1161899192216323
-0.2740638431326626
1.1112676767813783
-0.5149034107667918
-0.8841965790346485
0.19522678440562924
0.605786245556984
0.27343528979573406
0.20869409474793385
1.1791953925667462
-0.2779451835668894
0.08145051570644779
1.1902673410994464
1.25788106812275
-1.18920557718486
1.675889303759797
0.6578348678244322
-0.5334105986423497
0.5156083334393909
-1.1891765920829838
0.662461965598526
1.0609368157428556
-0.7785562095757899
1.669869241411
0.7106246811071959
1.7713857271405693
-0.22215641598888033
0.10787766262502035
-0.5122825145402042
0.10787766262502035
0.8730883664792899
0.21206606603788186
-0.8841965790346485
-0.4672477992315464
-0.8841965790346485
0.6632609048969558
-0.8841965790346485
0.27596607126413153
1.25788106812275
1.25788106812275
0.5728860482238795
-0.8841965790346485
1.2515372167137857
-0.5988389717637297
-0.8841965790346485
0.6632609048969558
-0.24996250177144289
0.6632609048969558
0.20350721830976576
-0.005092252179427882
-0.17810644253793959
0.26081510060512775
-0.12040355869222413
0.14904907076522275
-0.3501946664446925
0.9491016381141982
-0.8841965790346485
2.8127102441191405
-0.9709635248015358
-1.0668445271548868
-0.8841965790346485
-0.1856481179132921
0.20255329256496088
1.25788106812275
0.6295573120208476
-0.016851500317436242
3.6832018456530933
1.0864756058095841
0.9811729858782169
0.9135071860223749
0.7757483828999576
0.23969949265656543
-4.941659298354738
0.3725472033919186
0.6225824079339004
1.78285359671362